22222 2222 2222 222222222 2222 2222 222222222 2222 2222 222222222 2222 2222 222222222 2222 2222 2222
22222 2222 2222 222222222 2222 2222 222222222 2222 2222 222222222 2222 2222 222222222 2222 2222 2222
22222 2222 2222 222222222 2222 2222 222222222 2222 2222 222222222 2222 2222 222222222 2222 2222 2222
22222 2222 2222 222222222 2222 2222 222222222 2222 2222 222222222 2222 2222 222222222 2222 2222 2222
22222 2222 2222 222222222 2222 2222 222222222 2222 2222 222222222 2222 2222 222222222 2222 2222 2222
22222 2222 2222 222222222 2222 2222 222222222 2222 2222 222222222 2222 2222 222222222 2222 2222 2222
22222 2222 2222 222222222 2222 2222 222222222 2222 2222 222222222 2222 2222 222222222 2222 2222 2222
22222 2222 2222 222222222 2222 2222 222222222 2222 2222 222222222 2222 2222 222222222 2222 2222 2222
22222 2222 2222 222222222 2222 2222 222222222 2222 2222 222222222 2222 2222 222222222 2222 2222 2222
22222 2222 2222 222222222 2222 2222 222222222 2222 2222 222222222 2222 2222 222222222 2222 2222 2222
22222 2222 2222 222222222 2222 2222 222222222 2222 2222 222222222 2222 2222 222222222 2222 2222 2222
22222 2222 2222 222222222 2222 2222 222222222 2222 2222 222222222 2222 2222 222222222 2222 2222 2222
